matrix R is given as:

      65.9       48.7       51.2       59.1       58.6       56.5       58.2       69.8       48.4         46         52       47.3       48.8       44.9       45.5       45.2 
         0       55.8       17.1         21       25.8       34.1       36.3       12.8       34.8       17.8       23.4       29.3       17.9       27.6       33.1       42.2 
         0          0       46.4         19       3.54       8.58      0.619       11.9       23.6       2.84       2.52      -11.6       2.19       17.4     -0.347       2.91 
         0          0          0         35       14.5       6.42     -0.257      -1.52         21      -1.09     -0.684       5.67       10.8      -3.42       1.84       21.3 
         0          0          0          0       41.6       24.3      -2.01       -1.8       11.3      0.137      0.817         18       16.7       16.1       2.07         18 
         0          0          0          0          0       32.1       4.45      -1.65      -5.95       2.08       9.31       2.25       2.68      -1.84       4.13       16.1 
         0          0          0          0          0          0       41.7       3.11       6.33       1.88       6.48       26.3       1.39     -0.132       6.96       14.5 
         0          0          0          0          0          0          0       20.8       19.8       9.57       20.5       8.72      -2.33      -2.05       17.9       7.67 
         0          0          0          0          0          0          0          0       32.7     -0.708       9.13       2.21      -11.8      -12.1       6.15      -14.6 
         0          0          0          0          0          0          0          0          0         34       7.75       5.69       12.4       18.2     -0.568       13.5 
         0          0          0          0          0          0          0          0          0          0       29.2       8.33       18.5      -9.36       9.86     -0.122 
         0          0          0          0          0          0          0          0          0          0          0       24.6      -1.48       9.14      -10.9      -1.84 
         0          0          0          0          0          0          0          0          0          0          0          0       25.3      -6.92      -17.4      -6.41 
         0          0          0          0          0          0          0          0          0          0          0          0          0       11.6       1.44       3.91 
         0          0          0          0          0          0          0          0          0          0          0          0          0          0       29.8       4.78 
         0          0          0          0          0          0          0          0          0          0          0          0          0          0          0       14.3 
Is Q^T * Q = 1? True
Is Q * R = A? True
Is A * x = b? True
Now check inverse function
Is A2 * A2inv same as I? True
